# Algoritma Fuzzy C-Means {#fcm}

Fuzzy c-means merupakan metode yang dikenal baik dalam mendeteksi klaster [@pimentel2016]. Metode ini menggunakan model pengelompokan fuzzy sehingga data dapat menjadi anggota dari semua kelas atau klaster terbentuk dengan derajat atau tingkat keanggotaan yang berbeda antara 0 hingga 1. Tingkat keberadaan data dalam suatu kelas atau klaster ditentukan oleh derajat keanggotaannya. Kelebihan dari metode ini adalah penempatan pusat klaster yang lebih tepat dibandingkan dengan metode lain. Caranya adalah dengan memperbaiki pusat klaster secara berulang, maka akan dapat dilihat bahwa pusat klaster akan bergerak menuju lokasi yang tepat (Wijaya, 2014). Namun, pada algoritma Fuzzy c-means dibutuhkan waktu komputasi yang lama [@stetco2015].

Klastering dengan algoritma Fuzzy C-Means didasarkan pada teori logika fuzzy yang diperkenalkan oleh Lotfi Zadeh pada tahun 1965 dengan nama himpunan fuzzy (fuzzy set). Fuzzy C-Means Clustering pertama kali diperkenalkan oleh Dun pada (1973) dan diperbaiki oleh Bezdek [@bezdek1984]. Dalam teori fuzzy, keangotaan sebuah data diberikan dengan suatu nilai derajat keanggotaan yang jangkauan nilainya 0 sampai 1. Semakin tinggi nilai derajat keanggotaannya maka semakin tinggi nilai keanggotaan sebuah data dalam suatu kelompok dan semakin kecil nilai derajat keanggotaannya maka semakin rendah nilai keanggotaan sebuah data dalam suatu kelompok.

Asumsikan terdapat sejumlah data dalam dataset $X$ yang berisi $n$ data yang 
dinotasikan $X={x_1,x_2, …,x_n}$, dimana setiap data mempunyai fitur $r$ dimensi: $x_{i1}, x_{i2}, ..., x_{ir}$, dinotasikan $x_i={x_i1, x_i2, ..., x_ir}$. Ada sejumlah klaster $C$ dengan centroid: $C_1, C_2, ..., C_k$, dimana $k$ adalah jumlah klaster. Setiap data mempunyai derajat keanggotaan pada setiap klaster, dinyatakan dengan $u_{ij}$, dengan nilai diantara 0 dan 1, $i$ menyatakan data $x_i$ dan $j$ menyatakan klaster $c_j$. Jumlah nilai derajat keanggotaan setiap data $x_i$ selalu sama dengan 1, yang diformulasikan pada persamaan berikut:

::: {.theorem #unnamed-chunk-1}
$$\sum_{j=1}^k u_{i j}=1$$
:::

Fuzzy c-means clustering merupakan suatu metode clustering yang hampir mirip seperti k-means clustering. Karena metode clustering ini mirip dengan k-means clustering, ada yang menyebut metode ini fuzzy k-means clustering. Fuzzy c-means merupakan salah satu jenis soft clustering dimana dalam mengelompokan suatu data, setiap data bisa dimiliki lebih dari satu cluster.

Cara kerja dari fuzzy c-means clustering dalam mengelompokkan datanya adalah sebagai berikut :

1.  Menentukan banyak cluster (k) yang akan dibuat.

2.  Menentukan nilai proporsi untuk setiap data poin secara random untuk masuk dalam suatu cluster. Menghitung nilai centroid.

3.  Dalam menghitung nilai centroid, kita menggunakan formula berikut:

::: {.lemma #unnamed-chunk-2}
$$C_j=\frac{\sum{\mu^m_{ij}x}}{\sum{\mu^m_{ij}}}$$
:::

4.  Menghtung kembali nilai proporsi untuk setiap data poin untuk masuk pada setiap cluster. formula yang digunakan yaitu sebagai berikut:

::: {.lemma #unnamed-chunk-3}
$${\mu }^m_{ij}=\frac{1}{\sum{\left(\frac{\left|x_i-c_j\right|}{\left|x_i-c_k\right|}\right)^{\frac{2}{m-1}}}}$$
:::

## Eksperimeen Fuzzy C-Means

### Install dan Load Packagaes


``` r
library(ppclust)
library(factoextra)
library(fclust)
library(cluster)
```

### Data


``` r
library (readr)
urlfile = "https://raw.githubusercontent.com/dedenistiawan/Dataset/main/Basis%20Data%20Terpadu%20Jateng.csv"

data<-read.csv(url(urlfile), row.names = "Kabupaten")
```

### Hasil Clustering


``` r
library(ppclust)
```

```
## Warning: package 'ppclust' was built under R version 4.4.1
```

``` r
res.fcm <- fcm(data, centers=3)
as.data.frame(res.fcm$u)
```

```
##                  Cluster 1  Cluster 2  Cluster 3
## CILACAP         0.70608174 0.09432155 0.19959671
## BANYUMAS        0.87685700 0.03242738 0.09071562
## PURBALINGGA     0.58855259 0.12503329 0.28641412
## BANJARNEGARA    0.27431153 0.15770912 0.56797934
## KEBUMEN         0.55326811 0.12183017 0.32490172
## PURWOREJO       0.15508384 0.37665821 0.46825795
## WONOSOBO        0.04794255 0.73997169 0.21208577
## MAGELANG        0.11864932 0.12565978 0.75569090
## BOYOLALI        0.04746322 0.65917928 0.29335751
## KLATEN          0.40625017 0.15366683 0.44008300
## SUKOHARJO       0.01812578 0.90659203 0.07528219
## WONOGIRI        0.05984340 0.62649398 0.31366262
## KARANGANYAR     0.03151333 0.83280963 0.13567704
## SRAGEN          0.01369224 0.92987167 0.05643609
## GROBOGAN        0.20509357 0.10906165 0.68584478
## BLORA           0.06584083 0.42364979 0.51050938
## REMBANG         0.03515460 0.77496097 0.18988443
## PATI            0.18018760 0.18226626 0.63754615
## KUDUS           0.01358093 0.93999864 0.04642043
## JEPARA          0.17434136 0.13357477 0.69208387
## DEMAK           0.12077163 0.22405973 0.65516864
## SEMARANG        0.01375558 0.92443899 0.06180543
## TEMANGGUNG      0.01515432 0.92181846 0.06302723
## KENDAL          0.07103512 0.30783534 0.62112953
## BATANG          0.05146780 0.74568211 0.20285008
## PEKALONGAN      0.11753007 0.33879435 0.54367557
## PEMALANG        0.47108349 0.13508254 0.39383397
## TEGAL           0.61445746 0.08391671 0.30162583
## BREBES          0.64100931 0.11958050 0.23941019
## KOTA MAGELANG   0.05127744 0.82227544 0.12644712
## KOTA SURAKARTA  0.03051218 0.88284897 0.08663885
## KOTA SALATIGA   0.05093432 0.82356236 0.12550332
## KOTA SEMARANG   0.04152177 0.81177689 0.14670134
## KOTA PEKALONGAN 0.03226874 0.87988142 0.08784985
## KOTA TEGAL      0.03188749 0.88100104 0.08711147
```


``` r
# Visualize using corrplot
library(corrplot)
```

```
## Warning: package 'corrplot' was built under R version 4.4.1
```

```
## corrplot 0.95 loaded
```

``` r
corrplot(res.fcm$u, is.corr = FALSE)
```

<img src="03-ch3_files/figure-html/unnamed-chunk-6-1.png" width="672" />


``` r
res.fcm$v0
```

```
##             X1   X2   X3   X4   X5   X6   X7   X8   X9  X10
## Cluster 1 1.87 2.12 1.48 3.05 1.78 1.83 5.00 4.90 3.12 2.09
## Cluster 2 0.59 0.65 0.75 0.63 1.21 0.71 1.15 0.36 0.12 0.27
## Cluster 3 2.09 1.34 2.10 1.98 1.35 1.73 0.93 1.06 2.84 1.40
```


``` r
res.fcm$v
```

```
##                 X1       X2       X3       X4       X5       X6       X7
## Cluster 1 5.001721 4.041093 5.531054 4.669414 4.638562 5.500335 6.458007
## Cluster 2 1.724771 1.743303 1.432408 1.706002 1.626688 1.504833 1.335312
## Cluster 3 3.418238 4.025821 3.497306 3.657048 3.843888 3.477061 3.074419
##                 X8       X9      X10
## Cluster 1 7.009924 4.458629 6.474407
## Cluster 2 1.021470 1.697120 1.056498
## Cluster 3 3.057133 3.802309 3.529256
```

### Hasil Clustering FCM


``` r
summary(res.fcm)
```

```
## Summary for 'res.fcm'
## 
## Number of data objects:  35 
## 
## Number of clusters:  3 
## 
## Crisp clustering vector:
##  [1] 1 1 1 3 1 3 2 3 2 3 2 2 2 2 3 3 2 3 2 3 3 2 2 3 2 3 1 1 1 2 2 2 2 2 2
## 
## Initial cluster prototypes:
##             X1   X2   X3   X4   X5   X6   X7   X8   X9  X10
## Cluster 1 1.87 2.12 1.48 3.05 1.78 1.83 5.00 4.90 3.12 2.09
## Cluster 2 0.59 0.65 0.75 0.63 1.21 0.71 1.15 0.36 0.12 0.27
## Cluster 3 2.09 1.34 2.10 1.98 1.35 1.73 0.93 1.06 2.84 1.40
## 
## Final cluster prototypes:
##                 X1       X2       X3       X4       X5       X6       X7
## Cluster 1 5.001721 4.041093 5.531054 4.669414 4.638562 5.500335 6.458007
## Cluster 2 1.724771 1.743303 1.432408 1.706002 1.626688 1.504833 1.335312
## Cluster 3 3.418238 4.025821 3.497306 3.657048 3.843888 3.477061 3.074419
##                 X8       X9      X10
## Cluster 1 7.009924 4.458629 6.474407
## Cluster 2 1.021470 1.697120 1.056498
## Cluster 3 3.057133 3.802309 3.529256
## 
## Distance between the final cluster prototypes
##           Cluster 1 Cluster 2
## Cluster 2 165.71763          
## Cluster 3  48.57171  42.66853
## 
## Difference between the initial and final cluster prototypes
##                 X1       X2        X3       X4        X5       X6       X7
## Cluster 1 3.131721 1.921093 4.0510540 1.619414 2.8585617 3.670335 1.458007
## Cluster 2 1.134771 1.093303 0.6824084 1.076002 0.4166881 0.794833 0.185312
## Cluster 3 1.328238 2.685821 1.3973058 1.677048 2.4938885 1.747061 2.144419
##                  X8        X9       X10
## Cluster 1 2.1099240 1.3386289 4.3844068
## Cluster 2 0.6614704 1.5771205 0.7864979
## Cluster 3 1.9971326 0.9623093 2.1292557
## 
## Root Mean Squared Deviations (RMSD): 6.514549 
## Mean Absolute Deviation (MAD): 178.3801 
## 
## Membership degrees matrix (top and bottom 5 rows): 
##              Cluster 1  Cluster 2  Cluster 3
## CILACAP      0.7060817 0.09432155 0.19959671
## BANYUMAS     0.8768570 0.03242738 0.09071562
## PURBALINGGA  0.5885526 0.12503329 0.28641412
## BANJARNEGARA 0.2743115 0.15770912 0.56797934
## KEBUMEN      0.5532681 0.12183017 0.32490172
## ...
##                  Cluster 1 Cluster 2  Cluster 3
## KOTA SURAKARTA  0.03051218 0.8828490 0.08663885
## KOTA SALATIGA   0.05093432 0.8235624 0.12550332
## KOTA SEMARANG   0.04152177 0.8117769 0.14670134
## KOTA PEKALONGAN 0.03226873 0.8798814 0.08784985
## KOTA TEGAL      0.03188749 0.8810010 0.08711147
## 
## Descriptive statistics for the membership degrees by clusters
##           Size       Min        Q1      Mean    Median        Q3       Max
## Cluster 1    7 0.4710835 0.5709104 0.6359014 0.6144575 0.6735455 0.8768570
## Cluster 2   17 0.6264940 0.7749610 0.8295979 0.8328096 0.9065920 0.9399986
## Cluster 3   11 0.4400830 0.5270925 0.5979972 0.6211295 0.6705067 0.7556909
## 
## Dunn's Fuzziness Coefficients:
## dunn_coeff normalized 
##  0.5999684  0.3999525 
## 
## Within cluster sum of squares by cluster:
##        1        2        3 
## 220.3251 130.5953 200.0818 
## (between_SS / total_SS =  61.98%) 
## 
## Available components: 
##  [1] "u"          "v"          "v0"         "d"          "x"         
##  [6] "cluster"    "csize"      "sumsqrs"    "k"          "m"         
## [11] "iter"       "best.start" "func.val"   "comp.time"  "inpargs"   
## [16] "algorithm"  "call"
```

### Run FCM with Multiple Starts


``` r
res.fcm <- fcm(data, centers=3, nstart=5)
```


``` r
res.fcm <- fcm(data, centers=3, nstart=5, fixmemb=TRUE)
```

### Display the best solution


``` r
res.fcm$func.val
```

```
## [1] 360.931 360.931 360.931 360.931 360.931
```


``` r
res.fcm$iter
```

```
## [1] 77 72 84 76 73
```


``` r
res.fcm$best.start
```

```
## [1] 1
```

### Display the summary of clustering results


``` r
summary(res.fcm)
```

```
## Summary for 'res.fcm'
## 
## Number of data objects:  35 
## 
## Number of clusters:  3 
## 
## Crisp clustering vector:
##  [1] 2 2 2 1 2 1 3 1 3 1 3 3 3 3 1 1 3 1 3 1 1 3 3 1 3 1 2 2 2 3 3 3 3 3 3
## 
## Initial cluster prototypes:
##             X1   X2    X3   X4   X5   X6   X7   X8   X9   X10
## Cluster 1 1.87 2.12  1.48 3.05 1.78 1.83 5.00 4.90 3.12  2.09
## Cluster 2 1.91 2.45  1.40 1.83 2.74 1.90 3.16 0.00 0.39  0.28
## Cluster 3 7.45 4.26 10.94 5.13 4.99 8.17 5.61 7.11 3.97 11.40
## 
## Final cluster prototypes:
##                 X1       X2       X3       X4       X5       X6       X7
## Cluster 1 3.418238 4.025821 3.497306 3.657048 3.843888 3.477061 3.074419
## Cluster 2 5.001721 4.041093 5.531054 4.669414 4.638562 5.500335 6.458007
## Cluster 3 1.724771 1.743303 1.432408 1.706002 1.626688 1.504833 1.335312
##                 X8       X9      X10
## Cluster 1 3.057133 3.802309 3.529256
## Cluster 2 7.009924 4.458629 6.474407
## Cluster 3 1.021470 1.697120 1.056498
## 
## Distance between the final cluster prototypes
##           Cluster 1 Cluster 2
## Cluster 2  48.57171          
## Cluster 3  42.66853 165.71763
## 
## Difference between the initial and final cluster prototypes
##                  X1        X2        X3         X4        X5        X6
## Cluster 1  1.548238  1.905821  2.017306  0.6070484  2.063888  1.647061
## Cluster 2  3.091721  1.591093  4.131054  2.8394145  1.898562  3.600335
## Cluster 3 -5.725229 -2.516697 -9.507592 -3.4239977 -3.363312 -6.665167
##                  X7        X8         X9        X10
## Cluster 1 -1.925581 -1.842867  0.6823093   1.439256
## Cluster 2  3.298007  7.009924  4.0686289   6.194407
## Cluster 3 -4.274688 -6.088530 -2.2728795 -10.343502
## 
## Root Mean Squared Deviations (RMSD): 13.66589 
## Mean Absolute Deviation (MAD): 358.6137 
## 
## Membership degrees matrix (top and bottom 5 rows): 
##               Cluster 1 Cluster 2  Cluster 3
## CILACAP      0.19959671 0.7060817 0.09432155
## BANYUMAS     0.09071562 0.8768570 0.03242738
## PURBALINGGA  0.28641412 0.5885526 0.12503329
## BANJARNEGARA 0.56797934 0.2743115 0.15770912
## KEBUMEN      0.32490172 0.5532681 0.12183017
## ...
##                  Cluster 1  Cluster 2 Cluster 3
## KOTA SURAKARTA  0.08663885 0.03051218 0.8828490
## KOTA SALATIGA   0.12550332 0.05093432 0.8235624
## KOTA SEMARANG   0.14670134 0.04152177 0.8117769
## KOTA PEKALONGAN 0.08784985 0.03226873 0.8798814
## KOTA TEGAL      0.08711147 0.03188749 0.8810010
## 
## Descriptive statistics for the membership degrees by clusters
##           Size       Min        Q1      Mean    Median        Q3       Max
## Cluster 1   11 0.4400830 0.5270925 0.5979972 0.6211295 0.6705067 0.7556909
## Cluster 2    7 0.4710835 0.5709104 0.6359014 0.6144575 0.6735455 0.8768570
## Cluster 3   17 0.6264940 0.7749610 0.8295979 0.8328096 0.9065920 0.9399986
## 
## Dunn's Fuzziness Coefficients:
## dunn_coeff normalized 
##  0.5999684  0.3999525 
## 
## Within cluster sum of squares by cluster:
##        1        2        3 
## 200.0818 220.3251 130.5953 
## (between_SS / total_SS =  61.98%) 
## 
## Available components: 
##  [1] "u"          "v"          "v0"         "d"          "x"         
##  [6] "cluster"    "csize"      "sumsqrs"    "k"          "m"         
## [11] "iter"       "best.start" "func.val"   "comp.time"  "inpargs"   
## [16] "algorithm"  "call"
```

### Cluster Plot with fviz_cluster


``` r
res.fcm2 <- ppclust2(res.fcm, "kmeans")
factoextra::fviz_cluster(res.fcm2, data = data, 
  ellipse.type = "convex",
  palette = "jco",
  repel = TRUE)
```

<img src="03-ch3_files/figure-html/unnamed-chunk-16-1.png" width="672" />

### Cluster Plot with clusplot


``` r
res.fcm3 <- ppclust2(res.fcm, "fanny")

cluster::clusplot(scale(data), res.fcm3$cluster,  
  main = "Cluster plot of Iris data set",
  color=TRUE, labels = 2, lines = 2, cex=1)
```

<img src="03-ch3_files/figure-html/unnamed-chunk-17-1.png" width="672" />
